function mnasa_mod
    
% Parameters used for the calculation of the potential energy and the
% Dipole moment of the water monomer. Taken from:
% "H. Partridge and D. W. Schwenke, J. Chem. Phys. 106, 4618 (1997)"
% translation to Matlab from Fortran by Michelle Fritz 

global idx idxD coefD c5zA c5zA_fit cbasis ccore crest idxm cmass reoh thetae b1 ...
    roh alphaoh deohA phh1A phh2 f5z fbasis fcore frest a b c0 c1 c2 b1D

idx(:,1)= [1, 1, 1, 1, 1, 1, 1, 1, 1, 1, 1, 1, 1, 1, 1, 2, 2, 2, 2, 2,  ...
       2, 2, 2, 2, 2, 2, 2, 2, 2, 2, 2, 2, 2, 2, 2, 2, 2, 2, 2, 2,  ...
       2, 2, 3, 3, 3, 3, 3, 3, 3, 3, 3, 3, 3, 3, 3, 3, 3, 3, 3, 3,  ...
       3, 3, 3, 3, 3, 3, 3, 4, 4, 4, 4, 4, 4, 4, 4, 4, 4, 4, 4, 3,  ...
       3, 3, 3, 3, 3, 3, 3, 3, 3, 3, 4, 4, 4, 4, 4, 4, 4, 4, 4, 4,  ...
       4, 5, 5, 5, 5, 5, 5, 5, 5, 5, 5, 5, 4, 4, 4, 4, 4, 4, 4, 4,  ...
       4, 4, 5, 5, 5, 5, 5, 5, 5, 5, 5, 5, 6, 6, 6, 6, 6, 6, 6, 6,  ...
       6, 6, 4, 4, 4, 4, 4, 4, 4, 4, 4, 5, 5, 5, 5, 5, 5, 5, 5, 5,  ...
       6, 6, 6, 6, 6, 6, 6, 6, 6, 7, 7, 7, 7, 7, 7, 7, 7, 7, 5, 5,  ...
       5, 5, 5, 5, 5, 5, 6, 6, 6, 6, 6, 6, 6, 6, 7, 7, 7, 7, 7, 7,  ...
       7, 7, 8, 8, 8, 8, 8, 8, 8, 8, 5, 5, 5, 5, 5, 5, 5, 6, 6, 6,  ...
       6, 6, 6, 6, 7, 7, 7, 7, 7, 7, 7, 8, 8, 8, 8, 8, 8, 8, 9, 9,  ...
       9, 9, 9, 9, 9];
idx(:,2)= [1, 1, 1, 1, 1, 1, 1, 1, 1, 1, 1, 1, 1, 1, 1, 1, 1, 1, 1, 1,  ...
       1, 1, 1, 1, 1, 1, 1, 1, 1, 2, 2, 2, 2, 2, 2, 2, 2, 2, 2, 2,  ...
       2, 2, 1, 1, 1, 1, 1, 1, 1, 1, 1, 1, 1, 1, 1, 2, 2, 2, 2, 2,  ...
       2, 2, 2, 2, 2, 2, 2, 1, 1, 1, 1, 1, 1, 1, 1, 1, 1, 1, 1, 3,  ...
       3, 3, 3, 3, 3, 3, 3, 3, 3, 3, 2, 2, 2, 2, 2, 2, 2, 2, 2, 2,  ...
       2, 1, 1, 1, 1, 1, 1, 1, 1, 1, 1, 1, 3, 3, 3, 3, 3, 3, 3, 3,  ...
       3, 3, 2, 2, 2, 2, 2, 2, 2, 2, 2, 2, 1, 1, 1, 1, 1, 1, 1, 1,  ...
       1, 1, 4, 4, 4, 4, 4, 4, 4, 4, 4, 3, 3, 3, 3, 3, 3, 3, 3, 3,  ...
       2, 2, 2, 2, 2, 2, 2, 2, 2, 1, 1, 1, 1, 1, 1, 1, 1, 1, 4, 4,  ...
       4, 4, 4, 4, 4, 4, 3, 3, 3, 3, 3, 3, 3, 3, 2, 2, 2, 2, 2, 2,  ...
       2, 2, 1, 1, 1, 1, 1, 1, 1, 1, 5, 5, 5, 5, 5, 5, 5, 4, 4, 4,  ...
       4, 4, 4, 4, 3, 3, 3, 3, 3, 3, 3, 2, 2, 2, 2, 2, 2, 2, 1, 1,  ...
       1, 1, 1, 1, 1];
idx(:,3)= [1, 2, 3, 4, 5, 6, 7, 8, 9,10,11,12,13,14,15, 1, 2, 3, 4, 5,  ...
       6, 7, 8, 9,10,11,12,13,14, 1, 2, 3, 4, 5, 6, 7, 8, 9,10,11,  ...
      12,13, 1, 2, 3, 4, 5, 6, 7, 8, 9,10,11,12,13, 1, 2, 3, 4, 5,  ...
       6, 7, 8, 9,10,11,12, 1, 2, 3, 4, 5, 6, 7, 8, 9,10,11,12, 1,  ...
       2, 3, 4, 5, 6, 7, 8, 9,10,11, 1, 2, 3, 4, 5, 6, 7, 8, 9,10,  ...
      11, 1, 2, 3, 4, 5, 6, 7, 8, 9,10,11, 1, 2, 3, 4, 5, 6, 7, 8,  ...
       9,10, 1, 2, 3, 4, 5, 6, 7, 8, 9,10, 1, 2, 3, 4, 5, 6, 7, 8,  ...
       9,10, 1, 2, 3, 4, 5, 6, 7, 8, 9, 1, 2, 3, 4, 5, 6, 7, 8, 9,  ...
       1, 2, 3, 4, 5, 6, 7, 8, 9, 1, 2, 3, 4, 5, 6, 7, 8, 9, 1, 2,  ...
       3, 4, 5, 6, 7, 8, 1, 2, 3, 4, 5, 6, 7, 8, 1, 2, 3, 4, 5, 6,  ...
       7, 8, 1, 2, 3, 4, 5, 6, 7, 8, 1, 2, 3, 4, 5, 6, 7, 1, 2, 3,  ...
       4, 5, 6, 7, 1, 2, 3, 4, 5, 6, 7, 1, 2, 3, 4, 5, 6, 7, 1, 2,  ...
       3, 4, 5, 6, 7];

c5zA(1:245)= [4.2278462684916e+04, 4.5859382909906e-02, 9.4804986183058e+03, ...
       7.5485566680955e+02, 1.9865052511496e+03, 4.3768071560862e+02, ...
       1.4466054104131e+03, 1.3591924557890e+02,-1.4299027252645e+03, ...
       6.6966329416373e+02, 3.8065088734195e+03,-5.0582552618154e+02, ...
      -3.2067534385604e+03, 6.9673382568135e+02, 1.6789085874578e+03, ...
      -3.5387509130093e+03,-1.2902326455736e+04,-6.4271125232353e+03, ...
      -6.9346876863641e+03,-4.9765266152649e+02,-3.4380943579627e+03, ...
       3.9925274973255e+03,-1.2703668547457e+04,-1.5831591056092e+04, ...
       2.9431777405339e+04, 2.5071411925779e+04,-4.8518811956397e+04, ...
      -1.4430705306580e+04, 2.5844109323395e+04,-2.3371683301770e+03, ...
       1.2333872678202e+04, 6.6525207018832e+03,-2.0884209672231e+03, ...
      -6.3008463062877e+03, 4.2548148298119e+04, 2.1561445953347e+04, ...
      -1.5517277060400e+05, 2.9277086555691e+04, 2.6154026873478e+05, ...
      -1.3093666159230e+05,-1.6260425387088e+05, 1.2311652217133e+05, ...
      -5.1764697159603e+04, 2.5287599662992e+03, 3.0114701659513e+04, ...
      -2.0580084492150e+03, 3.3617940269402e+04, 1.3503379582016e+04, ...
      -1.0401149481887e+05,-6.3248258344140e+04, 2.4576697811922e+05, ...
       8.9685253338525e+04,-2.3910076031416e+05,-6.5265145723160e+04, ...
       8.9184290973880e+04,-8.0850272976101e+03,-3.1054961140464e+04, ...
      -1.3684354599285e+04, 9.3754012976495e+03,-7.4676475789329e+04, ...
      -1.8122270942076e+05, 2.6987309391410e+05, 4.0582251904706e+05, ...
      -4.7103517814752e+05,-3.6115503974010e+05, 3.2284775325099e+05, ...
       1.3264691929787e+04, 1.8025253924335e+05,-1.2235925565102e+04, ...
      -9.1363898120735e+03,-4.1294242946858e+04,-3.4995730900098e+04, ...
       3.1769893347165e+05, 2.8395605362570e+05,-1.0784536354219e+06, ...
      -5.9451106980882e+05, 1.5215430060937e+06, 4.5943167339298e+05, ...
      -7.9957883936866e+05,-9.2432840622294e+04, 5.5825423140341e+03, ...
       3.0673594098716e+03, 8.7439532014842e+04, 1.9113438435651e+05, ...
      -3.4306742659939e+05,-3.0711488132651e+05, 6.2118702580693e+05, ...
      -1.5805976377422e+04,-4.2038045404190e+05, 3.4847108834282e+05, ...
      -1.3486811106770e+04, 3.1256632170871e+04, 5.3344700235019e+03, ...
       2.6384242145376e+04, 1.2917121516510e+05,-1.3160848301195e+05, ...
      -4.5853998051192e+05, 3.5760105069089e+05, 6.4570143281747e+05, ...
      -3.6980075904167e+05,-3.2941029518332e+05,-3.5042507366553e+05, ...
       2.1513919629391e+03, 6.3403845616538e+04, 6.2152822008047e+04, ...
      -4.8805335375295e+05,-6.3261951398766e+05, 1.8433340786742e+06, ...
       1.4650263449690e+06,-2.9204939728308e+06,-1.1011338105757e+06, ...
       1.7270664922758e+06, 3.4925947462024e+05,-1.9526251371308e+04, ...
      -3.2271030511683e+04,-3.7601575719875e+05, 1.8295007005531e+05, ...
       1.5005699079799e+06,-1.2350076538617e+06,-1.8221938812193e+06, ...
       1.5438780841786e+06,-3.2729150692367e+03, 1.0546285883943e+04, ...
      -4.7118461673723e+04,-1.1458551385925e+05, 2.7704588008958e+05, ...
       7.4145816862032e+05,-6.6864945408289e+05,-1.6992324545166e+06, ...
       6.7487333473248e+05, 1.4361670430046e+06,-2.0837555267331e+05, ...
       4.7678355561019e+05,-1.5194821786066e+04,-1.1987249931134e+05, ...
       1.3007675671713e+05, 9.6641544907323e+05,-5.3379849922258e+05, ...
      -2.4303858824867e+06, 1.5261649025605e+06, 2.0186755858342e+06, ...
      -1.6429544469130e+06,-1.7921520714752e+04, 1.4125624734639e+04, ...
      -2.5345006031695e+04, 1.7853375909076e+05,-5.4318156343922e+04, ...
      -3.6889685715963e+05, 4.2449670705837e+05, 3.5020329799394e+05, ...
       9.3825886484788e+03,-8.0012127425648e+05, 9.8554789856472e+04, ...
       4.9210554266522e+05,-6.4038493953446e+05,-2.8398085766046e+06, ...
       2.1390360019254e+06, 6.3452935017176e+06,-2.3677386290925e+06, ...
      -3.9697874352050e+06,-1.9490691547041e+04, 4.4213579019433e+04, ...
       1.6113884156437e+05,-7.1247665213713e+05,-1.1808376404616e+06, ...
       3.0815171952564e+06, 1.3519809705593e+06,-3.4457898745450e+06, ...
       2.0705775494050e+05,-4.3778169926622e+05, 8.7041260169714e+03, ...
       1.8982512628535e+05,-2.9708215504578e+05,-8.8213012222074e+05, ...
       8.6031109049755e+05, 1.0968800857081e+06,-1.0114716732602e+06, ...
       1.9367263614108e+05, 2.8678295007137e+05,-9.4347729862989e+04, ...
       4.4154039394108e+04, 5.3686756196439e+05, 1.7254041770855e+05, ...
      -2.5310674462399e+06,-2.0381171865455e+06, 3.3780796258176e+06, ...
       7.8836220768478e+05,-1.5307728782887e+05,-3.7573362053757e+05, ...
       1.0124501604626e+06, 2.0929686545723e+06,-5.7305706586465e+06, ...
